DIA=35, FLUID=Isobutane, LENGTH=32.395
COP_DATA:
20.00, 5.5034
25.21, 4.9821
30.43, 4.5373
35.64, 4.1531
40.86, 3.8174
46.07, 3.5211
51.29, 3.2572
56.50, 3.0200
61.71, 2.8050
66.93, 2.6088
72.14, 2.4285
77.36, 2.2615
82.57, 2.1061
87.79, 1.9605
93.00, 1.8235
HEAT_DATA:
20.00, 6.59
25.21, 6.37
30.43, 6.14
35.64, 5.92
40.86, 5.69
46.07, 5.45
51.29, 5.22
56.50, 4.98
61.71, 4.74
66.93, 4.49
72.14, 4.25
77.36, 4.01
82.57, 3.76
87.79, 3.52
93.00, 3.27
END_ENTRY

DIA=35, FLUID=Butane, LENGTH=31.383
COP_DATA:
20.00, 5.4828
25.21, 4.9898
30.43, 4.5705
35.64, 4.2078
40.86, 3.8897
46.07, 3.6077
51.29, 3.3552
56.50, 3.1271
61.71, 2.9197
66.93, 2.7295
72.14, 2.5543
77.36, 2.3919
82.57, 2.2405
87.79, 2.0988
93.00, 1.9657
HEAT_DATA:
20.00, 5.04
25.21, 4.88
30.43, 4.72
35.64, 4.55
40.86, 4.38
46.07, 4.20
51.29, 4.02
56.50, 3.84
61.71, 3.66
66.93, 3.48
72.14, 3.30
77.36, 3.11
82.57, 2.93
87.79, 2.74
93.00, 2.56
END_ENTRY

DIA=35, FLUID=Isobutene, LENGTH=29.557
COP_DATA:
20.00, 5.3760
25.21, 4.8946
30.43, 4.4827
35.64, 4.1257
40.86, 3.8127
46.07, 3.5358
51.29, 3.2884
56.50, 3.0657
61.71, 2.8636
66.93, 2.6790
72.14, 2.5093
77.36, 2.3523
82.57, 2.2063
87.79, 2.0699
93.00, 1.9421
HEAT_DATA:
20.00, 5.97
25.21, 5.78
30.43, 5.59
35.64, 5.40
40.86, 5.20
46.07, 5.00
51.29, 4.80
56.50, 4.59
61.71, 4.39
66.93, 4.18
72.14, 3.97
77.36, 3.76
82.57, 3.55
87.79, 3.34
93.00, 3.13
END_ENTRY

DIA=35, FLUID=DimethylEther, LENGTH=21.36
COP_DATA:
20.00, 3.4478
25.21, 3.2259
30.43, 3.0278
35.64, 2.8494
40.86, 2.6877
46.07, 2.5400
51.29, 2.4042
56.50, 2.2786
61.71, 2.1619
66.93, 2.0528
72.14, 1.9505
77.36, 1.8540
82.57, 1.7684
87.79, 1.6839
93.00, 1.6040
HEAT_DATA:
20.00, 6.58
25.21, 6.42
30.43, 6.25
35.64, 6.08
40.86, 5.90
46.07, 5.73
51.29, 5.55
56.50, 5.38
61.71, 5.20
66.93, 5.02
72.14, 4.84
77.36, 4.66
82.57, 4.07
87.79, 3.84
93.00, 3.62
END_ENTRY

DIA=40, FLUID=Isobutane, LENGTH=30.167
COP_DATA:
20.00, 4.6934
25.21, 4.3081
30.43, 3.9706
35.64, 3.6723
40.86, 3.4062
46.07, 3.1669
51.29, 2.9500
56.50, 2.7520
61.71, 2.5700
66.93, 2.4016
72.14, 2.2449
77.36, 2.0982
82.57, 1.9603
87.79, 1.8299
93.00, 1.7063
HEAT_DATA:
20.00, 8.13
25.21, 7.85
30.43, 7.57
35.64, 7.28
40.86, 6.99
46.07, 6.70
51.29, 6.40
56.50, 6.10
61.71, 5.80
66.93, 5.50
72.14, 5.20
77.36, 4.90
82.57, 4.59
87.79, 4.29
93.00, 3.99
END_ENTRY

DIA=40, FLUID=Butane, LENGTH=29.364
COP_DATA:
20.00, 4.8625
25.21, 4.4764
30.43, 4.1395
35.64, 3.8419
40.86, 3.5764
46.07, 3.3374
51.29, 3.1207
56.50, 2.9226
61.71, 2.7405
66.93, 2.5721
72.14, 2.4156
77.36, 2.2694
82.57, 2.1323
87.79, 2.0032
93.00, 1.8814
HEAT_DATA:
20.00, 6.31
25.21, 6.11
30.43, 5.89
35.64, 5.68
40.86, 5.46
46.07, 5.24
51.29, 5.01
56.50, 4.79
61.71, 4.56
66.93, 4.33
72.14, 4.10
77.36, 3.87
82.57, 3.64
87.79, 3.41
93.00, 3.18
END_ENTRY

DIA=40, FLUID=Isobutene, LENGTH=27.207
COP_DATA:
20.00, 4.5918
25.21, 4.2374
30.43, 3.9260
35.64, 3.6500
40.86, 3.4031
46.07, 3.1806
51.29, 2.9787
56.50, 2.7941
61.71, 2.6243
66.93, 2.4673
72.14, 2.3213
77.36, 2.1850
82.57, 2.0572
87.79, 1.9369
93.00, 1.8235
HEAT_DATA:
20.00, 7.37
25.21, 7.13
30.43, 6.89
35.64, 6.64
40.86, 6.39
46.07, 6.14
51.29, 5.89
56.50, 5.63
61.71, 5.37
66.93, 5.11
72.14, 4.85
77.36, 4.59
82.57, 4.33
87.79, 4.07
93.00, 3.82
END_ENTRY

DIA=40, FLUID=DimethylEther, LENGTH=18.96
COP_DATA:
20.00, 2.8501
25.21, 2.6986
30.43, 2.5594
35.64, 2.4414
40.86, 2.3236
46.07, 2.2139
51.29, 2.1112
56.50, 2.0149
61.71, 1.9243
66.93, 1.8201
72.14, 1.7585
77.36, 1.6826
82.57, 1.6109
87.79, 1.5433
93.00, 1.4795
HEAT_DATA:
20.00, 6.65
25.21, 6.48
30.43, 6.30
35.64, 5.51
40.86, 5.29
46.07, 5.08
51.29, 4.87
56.50, 4.67
61.71, 4.48
66.93, 5.07
72.14, 4.10
77.36, 3.92
82.57, 3.74
87.79, 3.57
93.00, 3.39
END_ENTRY

DIA=45, FLUID=Isobutane, LENGTH=27.348
COP_DATA:
20.00, 3.9315
25.21, 3.6564
30.43, 3.4091
35.64, 3.1851
40.86, 2.9807
46.07, 2.7932
51.29, 2.6200
56.50, 2.4591
61.71, 2.3088
66.93, 2.1676
72.14, 2.0344
77.36, 1.9082
82.57, 1.7654
87.79, 1.6733
93.00, 1.5633
HEAT_DATA:
20.00, 9.53
25.21, 9.19
30.43, 8.85
35.64, 8.51
40.86, 8.16
46.07, 7.81
51.29, 7.45
56.50, 7.10
61.71, 6.74
66.93, 6.38
72.14, 6.02
77.36, 5.66
82.57, 4.68
87.79, 4.95
93.00, 4.60
END_ENTRY

DIA=45, FLUID=Butane, LENGTH=11.973
COP_DATA:
20.00, 2.8248
25.21, 2.6920
30.43, 2.5666
35.64, 2.4477
40.86, 2.3345
46.07, 2.2266
51.29, 2.1234
56.50, 2.0245
61.71, 1.9296
66.93, 1.8384
72.14, 1.7507
77.36, 1.6665
82.57, 1.5861
87.79, 1.5098
93.00, 1.4380
HEAT_DATA:
20.00, 5.91
25.21, 5.69
30.43, 5.47
35.64, 5.25
40.86, 5.03
46.07, 4.81
51.29, 4.59
56.50, 4.37
61.71, 4.15
66.93, 3.93
72.14, 3.71
77.36, 3.48
82.57, 3.20
87.79, 2.92
93.00, 2.64
END_ENTRY

DIA=45, FLUID=Isobutene, LENGTH=24.381
COP_DATA:
20.00, 3.8420
25.21, 3.5913
30.43, 3.3653
35.64, 3.1602
40.86, 2.9727
46.07, 2.8004
51.29, 2.6412
56.50, 2.4932
61.71, 2.3551
66.93, 2.2256
72.14, 2.1038
77.36, 1.9888
82.57, 1.8800
87.79, 1.7770
93.00, 1.6792
HEAT_DATA:
20.00, 8.63
25.21, 8.33
30.43, 8.04
35.64, 7.74
40.86, 7.44
46.07, 7.14
51.29, 6.83
56.50, 6.52
61.71, 6.22
66.93, 5.91
72.14, 5.60
77.36, 5.30
82.57, 5.00
87.79, 4.70
93.00, 4.40
END_ENTRY

DIA=45, FLUID=DimethylEther, LENGTH=16.876
COP_DATA:
20.00, 2.4414
25.21, 2.3297
30.43, 2.2492
35.64, 2.1526
40.86, 2.0616
46.07, 1.9757
51.29, 1.8945
56.50, 1.8178
61.71, 1.7452
66.93, 1.6765
72.14, 1.6117
77.36, 1.5505
82.57, 1.4928
87.79, 1.4385
93.00, 1.3873
HEAT_DATA:
20.00, 6.47
25.21, 6.30
30.43, 5.26
35.64, 5.06
40.86, 4.86
46.07, 4.68
51.29, 4.50
56.50, 4.32
61.71, 4.16
66.93, 3.99
72.14, 3.83
77.36, 3.68
82.57, 3.53
87.79, 3.38
93.00, 3.23
END_ENTRY

DIA=50, FLUID=Isobutane, LENGTH=24.104
COP_DATA:
20.00, 3.2370
25.21, 3.0458
30.43, 2.8692
35.64, 2.7052
40.86, 2.5523
46.07, 2.4089
51.29, 2.2737
56.50, 2.1458
61.71, 2.0242
66.93, 1.9085
72.14, 1.7983
77.36, 1.6933
82.57, 1.5915
87.79, 1.4991
93.00, 1.4099
HEAT_DATA:
20.00, 10.61
25.21, 10.21
30.43, 9.82
35.64, 9.42
40.86, 9.02
46.07, 8.62
51.29, 8.21
56.50, 7.81
61.71, 7.33
66.93, 6.79
72.14, 6.24
77.36, 5.68
82.57, 4.77
87.79, 4.50
93.00, 4.22
END_ENTRY

DIA=50, FLUID=Butane, LENGTH=23.213
COP_DATA:
20.00, 3.5791
25.21, 3.3700
30.43, 3.1782
35.64, 3.0012
40.86, 2.8370
46.07, 2.6840
51.29, 2.5407
56.50, 2.4060
61.71, 2.2790
66.93, 2.1586
72.14, 2.0444
77.36, 1.9357
82.57, 1.8321
87.79, 1.7334
93.00, 1.6394
HEAT_DATA:
20.00, 8.53
25.21, 8.23
30.43, 7.93
35.64, 7.62
40.86, 7.32
46.07, 7.01
51.29, 6.69
56.50, 6.38
61.71, 6.07
66.93, 5.76
72.14, 5.45
77.36, 5.14
82.57, 4.83
87.79, 4.53
93.00, 4.23
END_ENTRY

DIA=50, FLUID=Isobutene, LENGTH=21.196
COP_DATA:
20.00, 3.1485
25.21, 2.9774
30.43, 2.8191
35.64, 2.6719
40.86, 2.5344
46.07, 2.3458
51.29, 2.2842
56.50, 2.1697
61.71, 2.0613
66.93, 1.9585
72.14, 1.8609
77.36, 1.7682
82.57, 1.6803
87.79, 1.5971
93.00, 1.5185
HEAT_DATA:
20.00, 9.53
25.21, 9.19
30.43, 8.81
35.64, 8.42
40.86, 8.03
46.07, 5.73
51.29, 7.24
56.50, 6.85
61.71, 6.45
66.93, 6.06
72.14, 5.67
77.36, 5.28
82.57, 4.89
87.79, 4.51
93.00, 4.13
END_ENTRY

DIA=50, FLUID=DimethylEther, LENGTH=15.2
COP_DATA:
20.00, 2.1507
25.21, 2.0927
30.43, 2.0122
35.64, 1.9358
40.86, 1.8632
46.07, 1.7943
51.29, 1.7289
56.50, 1.6670
61.71, 1.6084
66.93, 1.5530
72.14, 1.5007
77.36, 1.4514
82.57, 1.4050
87.79, 1.3613
93.00, 1.3203
HEAT_DATA:
20.00, 6.21
25.21, 5.15
30.43, 4.97
35.64, 4.78
40.86, 4.61
46.07, 4.44
51.29, 4.28
56.50, 4.12
61.71, 3.97
66.93, 3.82
72.14, 3.68
77.36, 3.54
82.57, 3.40
87.79, 3.26
93.00, 3.13
END_ENTRY

